2372,4,Васильев Юрий Андреевич,1,5,5,5,5,5,5,5,5,5
1000,1,Test ,1,5,5,5,5,5,5,5,5,5
2372,17,Полуянов Валерий Николаевич,1,5,4,5,5,5,4,5,4,4.63
2372,19,Симаков Георгий Олегович,1,5,5,4,5,5,3,5,4,4.5
2372,2,Астафьефа Ульяна Алексеевна,0,4,5,5,5,4,3,4,5,4.38
2372,22,Филимонов Евгений Павлович,1,5,5,4,5,5,4,3,3,4.25
2373,4,Гермаш Арсений Вячеславович,1,5,5,4,5,5,4,3,3,4.25
2372,20,Соколовский Владислав Дмитриевич,1,5,4,3,5,3,5,3,5,4.13
2373,3,Боженев Никита,1,5,4,3,5,3,5,3,5,4.13
2372,7,Зубов Дмитрий Андреевич,1,5,4,5,5,4,3,3,4,4.13
2372,1,Алексеев Грегори,1,5,5,4,4,5,4,3,3,4.13
2372,12,Лицкалов Максим Юрьевич,1,5,4,3,3,5,4,5,4,4.13
2372,8,Каплунов Александр Александрович,1,5,3,4,4,4,5,5,3,4.13
2372,16,Науменко Александр Владимирович,1,4,3,5,3,5,5,3,4,4
2372,11,Лемешко Алексей Дмитриевич,1,3,5,3,4,3,5,4,5,4
2373,5,Test Dude,1,4,4,4,4,4,4,4,4,4
2372,14,Мельникова Мария Антоновна,0,3,3,3,5,5,3,5,5,4
2372,9,Коваленко Матвей Александрович,1,3,4,4,5,4,4,5,3,4
2372,21,Тубшинов Вандан Тумэнович,1,4,5,3,5,5,3,4,3,4
2372,10,Котлова Полина Валерьевна,0,5,3,4,5,3,3,3,5,3.88
2372,13,Марданова Диана Махировна,0,5,3,3,5,3,5,4,3,3.88
2372,6,Громова Варвара Сергеевна,0,5,3,5,3,3,5,3,4,3.88
2372,5,Гечис Владас Ромаса,1,5,3,3,4,5,4,4,3,3.88
2373,2,Басова Карина Владимировна,0,5,3,3,5,3,5,4,3,3.88
2372,18,Сарайкин Александр Андреевич,1,3,5,4,3,4,5,3,3,3.75
2372,15,Михеева Эвелина Дмитриевна,0,5,4,3,3,5,3,3,3,3.63
2372,3,Братко Виктор Вячеславович,1,4,5,3,3,3,3,5,3,3.63
2372,23,Юрин Андрей Александрович,1,3,3,3,4,4,3,5,4,3.63
2373,1,Андреев Никита Сергеевич,1,3,3,3,4,4,3,5,4,3.63
